1 89.0 40.0 47.288 62.179 
59.1 2.455 82.014 93.04 13.112 94.285 93.4 76.73 65 9.084 97 89 26.8 18.009 65 65 69.79 9.6 30.7 12.3 30.29 80.8 89 30.9 77.135 85 57 6 64.77 80.865 63 56.27 58.48 55.5 83.73 18.68 10.621 13.12 48.0 75.49 42.953 44 32.0 50 64.229 45.987 31.642 
49.2 26.73 56.685 16.64 21.16 
69.14 93.038 54.9 71.978 6 76.4 31.39 37.1 23.11 21 69.33 89.5 51 38.176 79.459 89.5 49.1 79 18 81.9 99.1 84.09 12.81 6.811 8.4 65.725 6.021 4.41 78.4 12.285 52.54 3.536 
65.388 95.0 85.8 31.324 84 21 42.8 6.5 6.436 22.55 43.155 81.525 48.7 
70.1 11 22.0 74 55.6 63.972 39.76 75.792 37.4 48.23 89.175 84 28 20.7 2.94 39 83.85 41.5 15.4 51.722 87.37 44.8 34.08 82.2 94.0 46.2 56 80.398 13.88 30.8 74.584 85 52.813 3.883 
21.95 17.77 76.69 56.37 83.0 99.335 3.7 1.081 7.95 
76.895 58.192 14.126 28.57 27.364 16.09 11.46 56 36.71 24.196 97.283 78.15 43.07 65.7 77.8 63 23.97 64 20 68.21 48.461 73.11 
17.286 35 41 89.247 43.0 88.5 96.558 1.845 16 58.6 29.8 40.424 22 91.2 47.682 97 61.7 17 94.4 53.7 0.84 87.2 74.67 21.866 51.24 98.75 77 7.476 12.28 75.89 32 44.12 33.509 
71.069 51.716 15.864 25.7 14 44.59 81.235 81.446 46 25.3 52.2 37.2 87 87 73.219 6.353 72.7 87.2 44.987 
53.92 61.7 16.394 40.9 66.56 52.4 63.232 34.3 62.9 91 93.69 18.8 10 19.095 71 35.025 55 71.6 45.1 47.63 26 90.67 28.94 29.467 64.1 46.8 
33.825 28.4 6.3 69 55.589 62 15.7 52.04 69.286 86.52 4.0 17 24.97 59.6 54.43 30.0 26.98 82.465 91 39.6 34.2 21.533 46.037 
48.745 92.76 16.5 
9.1 8.8 45.715 78 12.2 39 48.5 67.094 9.638 1 8.5 46 64.83 18.818 59.4 67.441 89.7 31.103 37 98.8 24.85 43 66 32.2 64 93 8 30.19 71 85.58 64.2 81.34 37.669 12.72 5.3 88 84 10.7 62.896 14 12 2 28.42 98.17 9.2 22 48.38 
26.62 49.06 21 42.9 9 81.5 45.823 79.2 34 46.9 94.2 85.36 33.48 28.1 74.566 33.22 60.47 75.34 98.154 9.12 79 58.43 90 59.97 
67 2 70 41.14 48 3.1 46.072 35.76 88 2.7 35.89 95.14 
13.4 62 2.007 86.74 93 14.27 29.66 95 75 49.5 97.694 85.4 84 17.495 29.47 51.78 49.64 35.79 
66.46 47.59 30.99 95.15 65.5 20.7 11.64 17.69 21.8 88.93 16 38 16.907 16.7 38.074 69.7 21.763 97.813 96 77 77.5 54.355 52.77 34 34.47 85.805 47 93.12 99.873 41 24 27.6 92.0 99.8 45.864 16.2 8.187 
32.865 39.9 25.566 92.59 65 76.86 41.807 68.4 24.93 83.75 50 16.79 24.8 57 86 1.8 12.8 74 60.96 93 54.235 51.1 81 0.84 65 73 73.12 51.75 67.4 44 93.66 40.6 98.238 65.41 80 31.697 98.929 75.2 81.5 36 24 16.24 98 75.683 64.9 72.469 
51.675 78.72 18.521 52.829 35.3 38 91.418 36.522 86 99 10.834 65 25 53.5 
95 34.1 74 76.8 0 34 22.47 23 49.94 54.3 31.14 19 38 74.22 52.02 79.44 30 5.599 57.712 51.16 84.959 97.683 24 80.19 91 89.985 4.712 85.99 49.145 44.6 89.1 34.82 22.195 75.41 15 15.57 2.67 66 97.1 21.3 46.524 13.474 66.716 29.3 39 97 10.6 53.561 92.431 51 
0.89 71 14.0 68.9 16.583 52.6 
25.647 38 8 13 96.18 23.41 87.74 13.94 97.39 91.984 81.42 52.377 44.674 91.5 61.9 34.64 53.632 76 26.824 44 35.1 36.759 72.62 48.03 24 87 25.87 50.7 20 66 0.136 39.204 14.76 3.405 41 29 83 66.56 47.38 
54.08 40.82 86 95.7 5.6 91.2 95 27.66 4.1 29.127 94.0 43.69 46.8 99.238 1.34 97.791 
11 64.3 30.507 32.6 16.501 3.698 36.177 25.79 80 55 96.84 16 84.5 68.291 
10.6 42.37 9.1 11.776 63 7.1 94 19 4 65.68 61 79.21 4.41 62 4.7 51.93 8.5 78 85.747 78.759 21.9 48.9 52.85 53 0.17 29 66.9 44.474 
74.046 90.6 42.7 23.157 16.35 55.4 96.364 31.35 58.9 74.3 74 53.51 
8.58 97.29 6.0 86.576 87.48 96 99.591 4.8 32.9 46 14.21 93.315 46.7 56.886 57 98 79.47 66.3 42.253 68.2 58.011 22.5 51.62 33.518 91.717 2.34 38.7 93.211 
14 34.3 23.32 77.19 92 48.772 64.3 80.697 86.69 98.072 58.062 39.2 47.072 28.5 81.28 10.07 85.88 40.02 29.39 75.714 86.12 6.048 49 29.173 33.758 80 57.6 78.25 22.75 13.3 82.4 51 48.752 
67.25 69.5 74.73 23.522 35.34 6 24.9 20.3 20.51 4.25 95.67 3.4 8 33 83.45 57.91 5 10.357 12.32 71.468 54.73 56 72.899 84.0 19.0 71 66 4.374 73.42 52.5 55.419 
9.3 43.215 98.6 57 48.705 83.65 48.0 
47 9.1 20 51 47.307 47.69 51 26.46 99.727 8 22.554 50.283 59.2 97.413 93 86.47 71.487 21.345 47.693 70 64.0 16 74 1.708 44 66.2 31.371 29.0 21.63 90.7 25.0 91.35 45.7 9.351 88.088 22.1 81.462 33 3.38 62 81.87 55.92 99 55.0 98.019 39 82 96 
70 68.49 91.5 92.9 0.165 41.65 47.7 61.5 9.76 10.421 43.68 98.393 89.5 15.1 53 71 87.09 4.74 39.3 44.656 83 91.1 74.026 87.0 94.7 22.91 31.733 57.31 1 12.9 91.99 
30.48 97.5 38.362 92 32.7 16 5.759 37.83 65 92.223 49.899 67.36 90.9 3.1 13.554 90.043 24.2 72.56 12.7 
95.0 0.76 55 0.76 28.216 27.56 3.2 52.3 24 44 22.98 95.08 11.19 75.25 58 65.8 97 96.63 71.487 39.43 94.0 19.068 40 97 12.05 57.8 86.6 91.6 97 29.83 12.82 54.84 70 77.98 
26.954 78 25.4 26.876 21.565 80.797 34.14 0.0 7.5 5 29.454 57.4 32.237 
32 79 48.359 30 19.465 50.0 16.98 51.7 31.549 35.0 53.785 34.8 12.55 62 1 72.62 22 4.95 48 81 85.0 70 45 88.85 38 77.4 71.85 56.284 80.076 69.2 29.4 53.2 59.69 9.7 11.5 42.257 92.95 
14.17 85 23.296 31 82.8 90.2 45.634 74.085 95.44 54.945 35.12 30.77 21.1 0.1 97 8.91 59.04 69 54.441 72.7 93.01 29.3 50.61 56 7.13 1.76 51.9 99.09 
59.715 57.06 37.516 74 27.9 58.94 89 34.373 90 5 38.67 27 21.135 57.7 77.7 73.23 27.004 79.31 62.99 54.672 99.77 52.674 3.89 50 64.537 22 82.927 50.99 50.94 98 84 3.091 77 37.862 1.6 1.71 0.275 
16.1 18.128 83.23 0.43 15.17 51.5 17.673 84.142 73.3 55 46 68.395 61.7 74.2 50 81 11.6 27 46.65 
20.171 22.2 99.78 10.517 15.416 7.501 53.544 47.059 76.32 45 58.0 52.4 20 29 56 82.6 55.15 66.25 84.963 80.4 16.407 80.62 62 66.334 
29.5 85.713 63 88.862 63.65 53 68 36.8 77.5 62.941 87.575 26.25 13 65.524 3.19 74.1 95.716 77.2 40.72 17 93.2 69.801 40.925 35.68 29.046 32.9 59.63 20 7.0 6.437 97.7 39.28 56.33 28.4 
42 90.74 86 55 61.9 26.8 17 46.56 92 88.465 35.25 11.81 8.3 56.6 56.4 57 69.6 14.292 2 67.236 11.212 61.19 18.84 
84 34.6 43.997 15.856 99.21 67.6 37.697 39.64 54.1 52.3 85.4 97.79 
77.47 23.47 15.0 24.2 29.7 71.845 37.73 5 30.3 27.6 24 8.78 46.1 3.4 95.36 47.6 14.31 52.5 6 98.9 31.113 5 69.65 54.4 53.484 85.794 85.44 21 42 20.059 74.614 80.723 23.196 15.5 32.5 36 10.3 45.833 57.945 50 69.79 87.442 85 74.622 97 38 80.131 67 
31.063 29.45 47 61.712 75.251 75.54 32.16 63.85 52.583 56 28 41 47.5 86.25 88.22 20.0 
12.4 1.6 12.8 80.237 27.482 92.085 85.36 40.1 90.13 47.0 26 5.0 87.64 65.2 97.44 71.64 7 31.7 21 65 52.11 98.51 25 22 52 1 9.2 44 93.69 94.5 17.0 34.8 21.906 58.11 62.26 42.874 52.11 75.63 60 41.8 69.77 49.56 62.594 81.78 
51.232 43.96 6.1 17.7 54.159 5.095 38.144 24.046 25 75.92 32.862 57.0 23 54.345 11.0 89 36.197 69 5 56.79 54.729 26.6 
46.104 24 49.776 79.12 80.38 82.7 49.1 42.7 39.01 28 66.68 22.23 99.662 13 56 31.23 44.193 24.76 13.312 33.0 24.13 42.9 56.813 41.0 97.787 68.2 58.96 18.2 81.3 45.31 24.286 69.962 7.18 61.6 46.29 84.36 11.66 64.956 28 
7.41 10.321 84.28 79.9 70 55.21 29 76 68.636 51.29 47 80.306 0.085 80.66 86 58.51 56.94 62.3 81.023 82.72 53.442 95 38.71 82.31 39.0 73.5 59.9 9 63.71 28.1 7 4.518 11.3 29.623 4 42 4.276 8 77.2 35.463 52 15.349 54.15 45.27 86.36 
65.1 80 6.5 63 14.427 11 72.0 19.3 61.6 85.1 39 94.3 35.336 80 53 26 22 25.51 92.4 2.9 
45.318 62 23.6 63.87 14 57 67.09 1.64 33.52 19.5 91.439 1.56 35.8 56.081 
36.203 57.13 63.4 52.849 65 67 47.5 67.6 22.88 8.7 48 21.3 68.799 77.933 12.1 99.8 5.37 3.14 81.643 81.1 3 56.48 60.67 42.16 44.321 47 24.23 88.5 98.1 90 46.8 46.403 5 41.997 27.8 80 8.6 75.677 71.76 18 
86.046 82.8 63.08 83 87 42.345 89.29 2.4 29.12 34 18.7 6.82 11.989 97.2 29 40.09 31.9 15.21 45 59.097 82 60 50.64 44 6.2 88.57 23.63 
61.9 24.408 58.14 73.316 13.4 73.4 19 16 
33 54.76 30 8.8 63.555 89.689 98 52.3 66 
41.5 5.933 16.2 21.02 99.79 72.12 32.373 55.37 98.978 95.83 64.9 19.023 54.18 72 16.3 26.38 62.006 67.56 87.863 56.28 39 
2.4 52.0 44 28.74 3.088 59 95.7 45.312 53.224 6.3 68.46 42 31 58.5 56.78 44.255 55.0 52 97.093 10.167 76.76 14.965 17.02 98.76 6.3 41 34 27.025 43 53.5 53.2 41.4 33.51 25 
89.06 31.1 30 30.57 7.318 69.911 16.56 56.491 41.6 
5.0 34 33.3 92.85 69.2 38 48.42 18.52 29 71.6 52.14 99 60.04 35.613 37.9 89.39 12.1 59.984 37 74 64.5 89.1 10 93.86 5 61 23.07 77.83 23.23 54.216 92.4 25.03 87.41 14.1 12 18.35 28.422 92 40.219 40 7.782 80.4 42.45 40.7 83 29.7 
17 81.1 65.3 20.66 74 43.0 37.272 2.49 33.5 48.32 54.53 32 35 36.43 88.16 70.1 61.0 93 69.852 0.7 39.79 39.39 
45.38 83.83 18.07 33 82.39 0.2 37.59 46.12 95 57.71 99.544 65.0 85.7 28.04 99.11 66 30.9 96.281 21.9 13.6 67.434 9.0 73.0 66.351 42 
80.32 41.5 50 4.302 78 22 22.8 20.3 62.75 47 41.377 21 11.0 5 96.1 26 51 1.9 89.66 1 65.017 18 68.0 63 91.78 74.64 39.1 1.6 0.7 17.86 4.181 75 35 63.543 58.0 76.3 34.35 36.8 83 99.7 50.605 33.3 96.81 8 76.5 21.693 22.1 20.16 33.16 32 
6 29.3 60 48.28 4.75 15.53 41 11 8 74 27.5 90 75.977 11.1 3 13 58.06 44 63.86 14.712 35 88 62 15.0 85.62 6.1 61 56 83.6 54 58.619 48.7 77 
68.727 81.98 39.76 46 31.77 5.6 30.985 48 89.25 10.438 25.7 68 52.644 22.38 17 53 1 91 54.11 45 83.7 76.7 69 76.362 31.089 51.046 88.153 9.37 90.4 84.5 19.12 37.3 34.0 49.1 9.0 17.2 18 78.161 87 95.4 18.09 98.8 84 52.013 22.7 41 5.1 52.3 
71.2 25 53.452 
27.1 49.929 22.1 89.9 95 68.4 91 30.54 84.65 93.65 42.2 44 60.65 47.8 6.7 6.38 31.12 8.14 91.252 8 20 26 67.722 97.504 20.94 55 37 20.9 9 55.5 67.116 95.843 
96 95.95 76.73 97.5 72.699 59 
26.02 47 33.3 33.0 2.31 18.8 82.807 13 36.7 32.72 67 27.228 80.4 9.735 18.9 56.2 47.7 80 37 12.479 93.6 47.3 59 2.301 9.48 85 14.5 65.9 6.6 40.98 98 84 93.66 76.8 6.6 39.926 
76.1 71.5 92.53 53.068 0.12 45 93.949 65.427 79 97 68.51 55.57 90 
37.21 67 87.57 7 80.554 50 86.48 22.63 87.29 57 4.6 45 69.6 12.38 93.21 24.8 2.114 46 10.2 15.811 61 60.211 13.26 62.0 13.3 40.146 80.8 78.67 77.3 0.7 68.245 86.974 
27 10.3 59.3 16.9 93.37 75.0 59 53.55 66 73.2 67.622 6 52.06 21.34 
67.6 85 12.7 97 6.7 72 98.29 29.88 14 83.111 91.99 53.33 23.43 94 39 13.59 36.4 3 70.6 93.001 84.54 27.0 42.525 
43 92 17.85 6.9 12.7 19.2 12.6 2.314 63.2 96.1 53.901 92.065 
87.52 30 76.762 80.93 22.73 47.8 68.43 14 77.5 21 50.08 54.4 21.479 75.985 66.2 78.8 7.8 29 64 51.83 69 28.82 73.3 25.65 4.7 38.01 74 50.188 71.97 56.43 11.1 72.99 46.94 74.423 69.766 78.6 
95 13.064 8.3 59 93.92 45.532 0.3 44.794 37.6 21.5 23.0 98.191 29.21 41.5 40.15 19.15 7.5 71 30.2 90.806 99.499 30.806 55.4 52.7 93.7 46 14.7 38.852 22.55 13.358 40.07 80.83 16 24 22.3 37 28.8 96 12.0 52.46 74.29 63.571 80.4 39 49.165 93 20.3 23.689 55.06 96.431 
75.0 91.352 11.76 75 13.0 11.7 79.54 87.5 9 42.406 72.9 85.87 15.65 50.86 83 77.698 62.1 70.4 38.3 34.5 72.7 68.713 52.99 7.943 10.3 58.57 36.397 71.37 26.9 11.9 3.17 82.1 21.5 81.52 5.764 55 81.1 99.2 73.94 89.21 72.99 8.61 12 6.8 57.88 30.88 16.055 61 62.659 
90.55 46.361 82.0 83.581 79.39 11 34.0 9.7 34.39 2.31 92.72 35.59 27 84 17.408 10 30.303 85 23.1 2.04 0.47 
76 61.33 54.0 56 24 34 47 61 92.6 60.14 55.23 4 82 17 70.4 46.6 84.407 43.88 59.99 38.3 81.9 88.05 49 5.382 72.2 62 26.14 7.7 71.98 92.148 96 54.763 76.4 46.6 61 4.689 48 88.9 41 4.26 48.18 36.93 59.4 2.7 13.9 41.0 15.5 20 
96.77 5.185 63.301 61.783 69.8 
42.422 57 25.21 5.34 49.9 43.5 77.13 50.4 0.38 0.156 64.39 59.4 19.644 30.884 8.43 77 61.526 85.4 47.79 12.47 61.74 4.78 18.9 86.3 23.0 94 28.934 79.6 67 6.2 47 40.5 43 99.047 42.0 7.0 58.07 88.79 79 20.2 93 
92.76 37 2.93 29 91.07 47.58 47.003 68.7 28.4 76 0 58.55 18 32.657 93.18 25 5.0 37.3 30.77 57 68.714 96.6 69.32 76.8 69.2 75.046 34.239 89.8 28.47 63 28.45 45.6 31 18.1 
88 50.47 7 87.158 56.188 15.28 53.91 36.58 38.784 97 44.514 25.204 78 96.486 90.509 43.71 80.3 75 42.03 14.83 73.4 72 83.33 53 76.4 2.995 
77 3.506 66.81 3.73 1.049 73.61 1.08 17 83.333 10.97 40 71 27.2 76.057 42.8 20.35 12.04 41 86.15 93.704 41.975 64.445 99.7 9.0 91.06 7.0 92.96 87.882 22 
31.7 87.1 65.3 21.9 58 41.62 6.0 72 2.0 94.36 65.9 6.29 6 57.75 63.2 46.44 90.941 
24.38 69.2 71 20.3 7.692 83.4 20.3 95.801 98 45.11 26 13.6 70 72.304 77.05 89.14 51.98 30.2 74.13 47.3 79.32 64 9.77 31.13 59.4 8.4 81.726 34.11 76.0 32 33 10.37 39.4 20.2 27 9.236 47.184 46 2.8 60.1 57.01 75.8 15.8 27 74.1 87.7 
71.304 59.173 67.04 77 28.9 61.993 36.96 34.78 26.3 39 83.28 34.52 27.66 59 45.9 8.309 13.168 38.5 36.9 29.1 36.07 31 50.05 66.1 69.68 3.707 58.9 32 99 
81 84.83 3.35 34.95 18 68.84 50 23.81 78 54.63 44 87.532 61.6 38.3 97.61 73.11 16.5 19.5 
33 34.75 76 90 30.864 36 41.23 78.9 36.5 31 34.6 33.2 97.51 64 15.1 70.9 41 98.52 58.41 81.067 3 74.0 61.6 
94 4.5 89.4 62 20.1 30.09 62.6 71.4 47.5 58 90 25.25 22 2 11.9 20 42.29 82.8 20 83.43 56 98.4 35.712 87 
4.3 94.83 51.58 14 68.097 44.26 42.65 30 47.0 8.55 53.8 38 1.18 49.506 14 62.023 99 61.2 38 60.948 51.75 41 78.488 48.182 82.69 54 33.797 67.6 98.1 8.9 78.8 45.1 71.59 89.279 88.2 55.2 6.2 92 6 55.134 69.27 18.6 74 56.554 20 63.37 80.2 94.127 89.1 
38 40.7 13.12 57.7 66.6 37.39 80.7 71.3 78.58 29.24 17.54 15.43 95 7.398 11.706 95 1.7 9.95 55.7 83.8 58 36 49.7 97 17 66.2 13 68.3 90.008 73.014 39.6 96.86 9.5 26 32.165 75.0 46.6 
22.2 14.1 65.5 3.8 54.268 31.99 56 85.0 46 61.4 98.224 57.7 60.26 93 55 73.975 51.9 84.02 61.314 28.38 54.258 12.3 60.955 8.6 80 6.8 93.1 70.631 
51.2 69.74 40.2 45.406 18.03 90 20.892 11.505 37 12.2 61.6 82.2 77.2 12.22 98.562 24 96.817 33.1 17.7 50 24.35 67 73.09 50.9 53.6 93.1 
58.1 50.892 85.345 46.666 1.6 4.4 32 23.651 3.413 55.98 18 84.1 20.369 30 96.3 16 68 10.657 75.6 60.954 70.2 
47.8 22 59.18 46.0 29 37.27 17.62 71.7 0 69 78 93.353 69.32 3.0 39 64.461 75.93 24 99.81 22.43 55.024 15.71 32 40.8 55.39 70.4 28.558 81.4 12.7 61.047 25.5 92.6 37.19 71.78 2.56 46.921 67.87 24.843 32 19.6 1.1 42.224 33.92 65.839 66.74 48.695 13 59.004 15.4 
70.79 31.938 61 9.6 18.833 17 64.005 80 65.038 76.4 46.9 51.935 51.92 40 72.3 69 3.1 
70.5 62.457 86 31.9 85.6 21.5 5.976 22 15 20.91 9 86.3 42.7 67.4 73.2 90.9 13 0.97 3.78 31.28 5.41 97 95.08 2.52 65.46 30.21 12.501 98.943 75.1 17.973 31.3 55 92.16 15.902 43.05 8 5.45 20.2 67 4.79 83 
74 30 43.41 19.525 92.23 2 40.8 23.6 12.473 37.0 1.63 47 68.2 1.0 21 49 88.37 27.8 3.5 22.457 13 61 66.4 50.796 5.4 36.6 21.6 30.88 56.59 48 27.154 77.82 31.9 88.55 4.0 23 81.425 72 8 4 
15.22 21.448 65.91 25.52 93 9.53 9.121 26.555 68 43.5 50.54 78.491 29.3 63.044 42.6 47.5 62.37 35 71.657 41 21.5 32.59 33.75 68.622 50.3 53.878 15.378 9.2 
